0,534
0,472
158,35
3,2
3,1
3,3
136,4
136,3
136,2
136,1
136,0
135,4
135,3
135,2
10,160
135,1
135,0
134,5
134,4
134,3
134,2
134,1
134,0
132,5
132,4
132,3
132,2
132,1
132,0
130,7
130,6
130,5
130,4
130,3
130,2
130,1
10,166
130,0
125,4
125,3
10,244
10,174
10,172
10,220
125,2
10,78
125,1
125,0
124,3
124,2
124,1
124,0
123,3
123,2
123,1
123,0
122,3
122,2
122,1
122,0
11,30
11,29
11,28
11,27
11,26
11,25
11,24
11,23
8,14
11,22
11,21
11,20
11,19
11,18
11,17
11,16
11,15
11,14
11,13
11,12
11,11
11,10
11,9
11,8
11,7
8,12
8,9
11,6
11,5
11,4
11,3
11,2
11,1
10,315
10,312
8,16
8,2
8,3
10,310
10,308
10,307
10,306
12,2
12,1
10,299
10,294
12,3
10,292
20,2
20,1
20,3
10,286
10,275
19,2
19,1
19,3
10,272
10,188
10,170
10,132
10,68
