3,2
10,253
10,23
10,93
10,159
10,201
10,203
10,237
10,155
10,2
10,3
11,24
11,18
11,10
11,4
11,2
11,3
9,7
9,5
8,17
8,11
8,16
8,8
8,13
52,4
52,3
52,2
52,1
52,0
51,4
51,3
51,2
51,1
51,0
50,3
50,2
50,1
50,0
49,3
49,2
49,1
49,0
48,3
48,2
48,1
48,0
47,4
47,3
47,2
47,1
47,0
46,5
46,4
46,3
46,2
46,1
45,5
45,4
45,3
45,2
45,1
44,7
44,6
44,5
44,4
44,3
44,2
44,1
20,3
20,2
20,1
19,3
19,2
19,1
18,3
18,1
17,3
17,2
17,1
16,3
16,2
16,1
15,3
15,2
15,1
14,3
14,1
13,3
13,1
12,3
12,2
12,1
11,30
11,29
11,28
11,27
11,17
11,16
